Cr 1 0.0058396433446 0.0100161008342 0.0144961419576 0.145965106493 -0.0126488205583 -583.9445077 
Cr 2 0.0854906378651 -0.350661265449 0.628213132735 -0.333379152785 0.0552481438893 -583.94450934 
Cr 3 0.00668350479632 0.00375210907384 0.017472700587 0.129891699093 -0.0126427961154 -583.94451153 
Cr 4 0.104233950612 -0.434616975287 0.77521854935 -0.450762027757 0.0837037355508 -583.9445089 
Cr 5 0.0148996227706 -0.0342440329196 0.0880541820943 0.0876170185227 -0.0196289800016 -583.94451383 
Cr 6 0.0373913580287 -0.132849279848 0.251428148161 -0.0109078425965 -0.0118193533335 -583.94450796 
Cr 7 0.0301484910886 -0.0998210391119 0.19821851854 -0.0263087176036 -0.00541338610891 -583.94451029 
Cr 8 0.175988168725 -0.754058847737 1.31009026234 -0.925738425924 0.223884022222 -583.94450913 
Cr 9 0.160869924554 -0.686768467077 1.19632486111 -0.859414282406 0.212667682778 -583.94450816 
Fe 1 0.00508719529857 0.0126616221212 -0.0088126865926 0.0242594936579 -0.0953315999211 -583.881614988 
Fe 2 0.00453021090756 0.0223581715904 -0.0463739372044 0.0585168925137 -0.0778297893916 -583.904178546 
Fe 3 0.00535781566914 0.012053632236 -0.0185794115402 0.0767795581746 -0.0659316488098 -583.929760411 
Fe 4 0.00489160275233 0.0182246076059 -0.0449893115783 0.114009992999 -0.0610705543719 -583.935404817 
Fe 5 0.00517980935867 0.0138343549689 -0.0181890212676 0.0443466601454 -0.0748800392543 -583.910553969 
Fe 6 0.00365702339849 0.032625615389 -0.0760248619718 0.0353840314783 -0.0638974024997 -583.860367075 
Fe 7 0.00435347071819 0.0223892950796 -0.0444532616289 0.0564148701736 -0.0475413331587 -583.929299342 
Fe 8 0.00454191118487 0.0232536077216 -0.0508986451729 0.0509242649451 -0.103983335368 -583.863712884 
Fe 9 0.00537535939834 0.0149896695766 -0.0350551139527 0.0786148677619 -0.0609693513975 -583.930937515 
Fe 10 0.00453081364043 0.0214996055852 -0.0453172683293 0.0651741343423 -0.113471129068 -583.875800781 
Fe 11 0.00564318484595 0.0184625604638 -0.0422085712919 -0.00434082284855 -0.0679406491071 -583.826612573 
Fe 12 0.0040981856485 0.02535382594 -0.0514959432924 0.0592855701303 -0.0934459465248 -583.887093051 
Fe 13 0.00486814536341 0.0125970925211 -0.0037345520339 0.0368114441515 -0.0804423349542 -583.908043143 
Fe 14 0.00459752976899 0.0217326326523 -0.0515818899546 0.0930620589534 -0.0392340640812 -583.939641417 
Fe 15 0.00496238995439 0.0165221070772 -0.0264042405488 0.0441683731838 -0.027940398288 -583.939839906 
Fe 16 0.00501310357297 0.022975891273 -0.0615106236526 0.0567582086253 -0.0327199613272 -583.940575927 
Fe 17 0.00574594936682 0.00749966627324 -0.00472938584571 0.0537747854207 -0.0110947546433 -583.943333208 
Fe 18 0.00462924201897 0.0274679443362 -0.0689579895452 0.0365051793188 -0.0716468795566 -583.856864553 
Fe 19 0.00502895325031 0.0126657511674 -0.0140627253502 0.0669525752255 -0.0506698301898 -583.934898944 
Fe 20 0.00553413843492 0.0147295067643 -0.0247103211391 0.0121217900654 -0.0474065357858 -583.903389401 
Fe 21 0.00292437915235 0.0379100362045 -0.0922542106752 0.0845299896394 -0.0880501360319 -583.885939108 
Fe 22 0.00552492598304 0.00991408023307 -0.00666392442153 0.0425640083323 -0.0624020098745 -583.922334246 
Fe 23 0.00478729366873 0.0228157642978 -0.0539159048082 0.0399167357627 -0.0168392892516 -583.938688667 
Fe 24 0.00548196622191 0.0110004674864 -0.016253467063 0.081718059479 -0.0641738925251 -583.931725231 
Fe 25 -47.5918042559 408.489244618 -1247.32568493 1580.22238201 -675.82056465 -599.551825444 
Fe 26 0.00464877304737 0.0226347950097 -0.0553931204043 0.0857177889393 -0.091686204933 -583.907480943 
Fe 27 0.00580030326274 0.0158382603481 -0.0439024794752 0.0523804551289 -0.0519100401515 -583.921038797 
Fe 28 0.00482449546837 0.0170320328024 -0.0286608644869 0.0616618633305 -0.086915959679 -583.907703898 
Fe 29 0.0035641528666 0.0288044566459 -0.0599434483806 0.0647060851989 -0.0752365272836 -583.905274825 
Fe 30 0.00532249705149 0.0124936966631 -0.0209117733355 0.0652148841996 -0.0197676054954 -583.941549443 
Fe 31 0.00477918017752 0.0177885826789 -0.0271084814139 0.0473482584426 -0.116107853751 -583.870119174 
Fe 32 0.0037522169833 0.0368155181964 -0.101109167402 0.0705558466922 -0.120817539907 -583.797475085 
Fe 33 0.0050885488207 0.014197677027 -0.018262746897 0.0556398120397 -0.0646594351866 -583.924065089 
Fe 34 0.00505125102316 0.0154892345138 -0.0247371836332 0.0387925426452 -0.0892021160382 -583.889036401 
Fe 35 0.0036077979856 0.0333007281621 -0.107122946054 0.232363134377 -0.12963141273 -583.937544424 
Fe 36 0.00540136622307 0.0124713025454 -0.0111547882257 0.000423726473353 -0.0930504487795 -583.852987867 
Fe 37 0.00517656596807 0.0138240952593 -0.0251410311368 0.0671363510888 -0.0651952063198 -583.926390023 
Fe 38 0.00467725241406 0.0191134235944 -0.0479690563119 0.133847241876 -0.0524927507073 -583.937790348 
Fe 39 0.00592597115493 0.0155947309834 -0.0384725171883 0.0337031226543 -0.0537532444959 -583.90592589 
Fe 40 0.0053232344679 0.00980267977691 -0.007692800892 0.0877860080265 -0.0207358909082 -583.942339362 
Fe 41 0.00451808317733 0.0264508870793 -0.0625734034676 0.0340779169762 -0.0488994630606 -583.892138885 
Fe 42 0.00451313570518 0.0181775176447 -0.0242781876978 0.0403743940896 -0.0954632148394 -583.886857142 
Ni 1 -699.48869769 1818.80686613 -1654.99587894 615.090718275 -76.8370021122 -583.93492348 
Ni 2 -0.0271741813878 0.204012719819 -0.0730375701285 0.445499420588 -0.192078826918 -583.9235115 
Ni 3 -0.0186845642384 0.176103978409 -0.038034440826 0.415244705336 -0.0975570839679 -583.93879357 
Ni 4 -0.0142207153878 0.163448226265 -0.0490191643319 0.454771018214 -0.0685206269175 -583.9420257 
Ni 5 -0.0156523677373 0.170458897099 -0.053454426383 0.438169582044 -0.063475068579 -583.94227966 
Ni 6 -0.0234718885463 0.192686085604 -0.0438634596081 0.411002822961 -0.203853338459 -583.91927159 
Ni 7 -0.0265990515998 0.219756890941 -0.0796245353342 0.396949093925 -0.250671657049 -583.90451704 
Ni 8 -0.0262503966824 0.201949609987 -0.0567909127267 0.411922244786 -0.170216533968 -583.92678063 
Ni 9 -81.2553240887 211.393339676 -192.22542219 71.7718202971 -9.0815020532 -583.9253375 
Ni 10 -0.0377431031476 0.246188530659 -0.0799439576317 0.371553661222 -0.265562619227 -583.89710296 
Ni 11 -0.0320148103942 0.220698953516 -0.0572896278543 0.377939996279 -0.192990478843 -583.91981857 
Ni 12 -0.0182948086028 0.173212050477 -0.0356806392541 0.425942270672 -0.133913982044 -583.93400583 
Ni 13 -799.408138137 2078.5822473 -1891.41791804 702.982682612 -87.7064595802 -583.94382995 
