 N (# of atoms): 1	 H(Magnetic Field): 0	 MCSteps: 100000
1 Cr1 0.100004	0.0430634	0.043399	-583.945	-583.945	0	-583.945	-583.945	0	0	8.61733e-06
1 Cr1 10.1004	0.0626809	0.0746412	-583.945	-583.945	0.00014825	-583.944	-583.945	0.000298389	0.000298389	0.000870351
1 Cr1 20.1008	0.0794355	0.0959358	-583.944	-583.945	0.00041644	-583.944	-583.945	0.000628517	0.000628517	0.00173208
1 Cr1 30.1011	0.0917786	0.111696	-583.944	-583.945	0.000702907	-583.944	-583.945	0.000963645	0.000963645	0.00259382
1 Cr1 40.1015	0.102616	0.12547	-583.944	-583.945	0.00101494	-583.943	-583.945	0.00131947	0.00131947	0.00345555
1 Cr1 50.1019	0.112267	0.137445	-583.943	-583.945	0.00133324	-583.943	-583.945	0.00167417	0.00167417	0.00431728
1 Cr1 60.1023	0.121079	0.148453	-583.943	-583.945	0.00166459	-583.943	-583.945	0.00204133	0.00204133	0.00517902
1 Cr1 70.1027	0.129005	0.158374	-583.943	-583.945	0.00199517	-583.942	-583.945	0.00240599	0.00240599	0.00604075
1 Cr1 80.103	0.136513	0.167735	-583.942	-583.945	0.00233499	-583.942	-583.945	0.00277886	0.00277886	0.00690248
1 Cr1 90.1034	0.1433	0.17639	-583.942	-583.945	0.00267339	-583.942	-583.945	0.00315151	0.00315151	0.00776422
1 Cr1 100.104	0.149575	0.184277	-583.942	-583.945	0.00300208	-583.941	-583.945	0.00351118	0.00351118	0.00862595
1 Cr1 110.104	0.156299	0.19266	-583.941	-583.945	0.0033728	-583.941	-583.945	0.00391569	0.00391569	0.00948768
1 Cr1 120.105	0.162007	0.19947	-583.941	-583.945	0.00369017	-583.941	-583.945	0.0042574	0.0042574	0.0103494
1 Cr1 130.105	0.167813	0.206995	-583.941	-583.945	0.00405791	-583.94	-583.945	0.00466103	0.00466103	0.0112111
1 Cr1 140.105	0.173055	0.213397	-583.94	-583.945	0.00438482	-583.94	-583.945	0.0050153	0.0050153	0.0120729
1 Cr1 150.106	0.178287	0.219908	-583.94	-583.945	0.00473059	-583.939	-583.945	0.0053911	0.0053911	0.0129346
1 Cr1 160.106	0.183554	0.226334	-583.94	-583.945	0.00508513	-583.939	-583.945	0.00577386	0.00577386	0.0137963
1 Cr1 170.106	0.18772	0.231858	-583.939	-583.945	0.00540045	-583.939	-583.945	0.00612193	0.00612193	0.0146581
1 Cr1 180.107	0.1939	0.238978	-583.939	-583.945	0.00582121	-583.938	-583.945	0.0065712	0.0065712	0.0155198
1 Cr1 190.107	0.197082	0.24345	-583.939	-583.945	0.00609386	-583.938	-583.945	0.00687529	0.00687529	0.0163815
1 Cr1 200.108	0.201284	0.24853	-583.938	-583.945	0.00641135	-583.938	-583.945	0.00721869	0.00721869	0.0172433
1 Cr1 210.108	0.206638	0.254945	-583.938	-583.945	0.00682417	-583.937	-583.945	0.00766408	0.00766408	0.018105
1 Cr1 220.108	0.209288	0.258664	-583.938	-583.945	0.00706956	-583.937	-583.945	0.00793707	0.00793707	0.0189667
1 Cr1 230.109	0.214546	0.26473	-583.937	-583.945	0.00747955	-583.936	-583.945	0.00837553	0.00837553	0.0198285
1 Cr1 240.109	0.218559	0.269914	-583.937	-583.945	0.0078394	-583.936	-583.945	0.00877021	0.00877021	0.0206902
1 Cr1 250.109	0.221954	0.274369	-583.937	-583.945	0.00815561	-583.936	-583.945	0.00912041	0.00912041	0.0215519
1 Cr1 260.11	0.227112	0.280465	-583.936	-583.945	0.00859886	-583.935	-583.945	0.00959757	0.00959757	0.0224137
1 Cr1 270.11	0.229817	0.284096	-583.936	-583.945	0.00886866	-583.935	-583.945	0.00989588	0.00989588	0.0232754
1 Cr1 280.111	0.233556	0.288146	-583.936	-583.945	0.00917473	-583.935	-583.945	0.0102226	0.0102226	0.0241371
1 Cr1 290.111	0.237939	0.293912	-583.935	-583.945	0.00961989	-583.934	-583.945	0.0107118	0.0107118	0.0249989
1 Cr1 300.111	0.240895	0.297492	-583.935	-583.945	0.00990173	-583.934	-583.945	0.0110177	0.0110177	0.0258606
1 Cr1 310.112	0.244635	0.301854	-583.935	-583.945	0.0102509	-583.933	-583.945	0.0113959	0.0113959	0.0267223
1 Cr1 320.112	0.248197	0.306547	-583.934	-583.945	0.0106337	-583.933	-583.945	0.0118205	0.0118205	0.0275841
1 Cr1 330.113	0.251423	0.310293	-583.934	-583.945	0.0109444	-583.933	-583.945	0.0121543	0.0121543	0.0284458
1 Cr1 340.113	0.255309	0.315166	-583.933	-583.945	0.0113557	-583.932	-583.945	0.0126068	0.0126068	0.0293075
1 Cr1 350.113	0.258371	0.318887	-583.933	-583.945	0.0116752	-583.932	-583.945	0.012958	0.012958	0.0301693
1 Cr1 360.114	0.261173	0.32236	-583.933	-583.945	0.0119775	-583.931	-583.945	0.013287	0.013287	0.031031
1 Cr1 370.114	0.26482	0.327324	-583.932	-583.945	0.0124167	-583.931	-583.945	0.0137788	0.0137788	0.0318927
1 Cr1 380.114	0.265739	0.328078	-583.932	-583.945	0.0124841	-583.931	-583.945	0.0138456	0.0138456	0.0327545
1 Cr1 390.115	0.270047	0.333677	-583.932	-583.945	0.0129908	-583.93	-583.945	0.0144107	0.0144107	0.0336162
1 Cr1 400.115	0.273247	0.337294	-583.931	-583.945	0.0133239	-583.93	-583.945	0.0147681	0.0147681	0.0344779
1 Cr1 410.116	0.276481	0.341384	-583.931	-583.945	0.0137058	-583.93	-583.945	0.0151904	0.0151904	0.0353397
1 Cr1 420.116	0.278125	0.34348	-583.931	-583.945	0.0139037	-583.929	-583.945	0.0154112	0.0154112	0.0362014
1 Cr1 430.116	0.282	0.348385	-583.93	-583.945	0.0143727	-583.929	-583.945	0.0159299	0.0159299	0.0370631
1 Cr1 440.117	0.285052	0.351987	-583.93	-583.945	0.0147224	-583.928	-583.945	0.016309	0.016309	0.0379249
1 Cr1 450.117	0.288272	0.35536	-583.93	-583.945	0.0150539	-583.928	-583.945	0.0166643	0.0166643	0.0387866
1 Cr1 460.117	0.28937	0.357565	-583.93	-583.945	0.0152726	-583.928	-583.945	0.0169261	0.0169261	0.0396483
1 Cr1 470.118	0.29303	0.361965	-583.929	-583.945	0.0157142	-583.927	-583.945	0.0174132	0.0174132	0.0405101
1 Cr1 480.118	0.294577	0.363391	-583.929	-583.945	0.0158588	-583.927	-583.945	0.0175567	0.0175567	0.0413718
1 Cr1 490.119	0.298498	0.368844	-583.928	-583.945	0.0164179	-583.927	-583.945	0.0181969	0.0181969	0.0422335
	T=	490.119	Sum_i(J(m_i, T))	0.400942	E(V,{m(T)}=	-635.599
    
2 Cr2 0.100004	0.000149988	0.000218267	-583.944	-583.944	0	-583.945	-583.945	0	0	8.61733e-06
2 Cr2 10.1004	0.273872	0.307582	-583.944	-583.944	0.000818752	-583.943	-583.945	0.00107238	0.00107238	0.000870351
2 Cr2 20.1008	0.269313	0.305379	-583.944	-583.944	0.000837882	-583.943	-583.945	0.0014114	0.0014114	0.00173208
2 Cr2 30.1011	0.271569	0.309534	-583.944	-583.944	0.000802389	-583.943	-583.945	0.00162797	0.00162797	0.00259382
2 Cr2 40.1015	0.275318	0.315365	-583.944	-583.944	0.000756898	-583.943	-583.945	0.00179101	0.00179101	0.00345555
2 Cr2 50.1019	0.279869	0.32179	-583.944	-583.944	0.000712972	-583.943	-583.945	0.00197647	0.00197647	0.00431728
2 Cr2 60.1023	0.284181	0.327972	-583.944	-583.944	0.000677226	-583.942	-583.945	0.00214281	0.00214281	0.00517902
2 Cr2 70.1027	0.288686	0.333654	-583.944	-583.944	0.000650333	-583.942	-583.945	0.00230442	0.00230442	0.00604075
2 Cr2 80.103	0.293369	0.33966	-583.944	-583.944	0.000628435	-583.942	-583.945	0.00246784	0.00246784	0.00690248
2 Cr2 90.1034	0.298067	0.345784	-583.944	-583.944	0.000613354	-583.942	-583.945	0.00265104	0.00265104	0.00776422
2 Cr2 100.104	0.301416	0.350415	-583.944	-583.944	0.000607016	-583.942	-583.945	0.00281359	0.00281359	0.00862595
2 Cr2 110.104	0.306711	0.356781	-583.944	-583.944	0.000605715	-583.941	-583.945	0.0030126	0.0030126	0.00948768
2 Cr2 120.105	0.311168	0.362227	-583.944	-583.944	0.000611665	-583.941	-583.945	0.00320123	0.00320123	0.0103494
2 Cr2 130.105	0.314241	0.366522	-583.944	-583.944	0.000621112	-583.941	-583.945	0.00337449	0.00337449	0.0112111
2 Cr2 140.105	0.318923	0.371741	-583.944	-583.944	0.000638401	-583.941	-583.945	0.00354232	0.00354232	0.0120729
2 Cr2 150.106	0.322264	0.376624	-583.944	-583.944	0.000660511	-583.941	-583.945	0.00377666	0.00377666	0.0129346
2 Cr2 160.106	0.326854	0.381888	-583.944	-583.944	0.000690955	-583.941	-583.945	0.00396613	0.00396613	0.0137963
2 Cr2 170.106	0.32863	0.384725	-583.944	-583.944	0.000710272	-583.94	-583.945	0.0041262	0.0041262	0.0146581
