Cr 1 0.0038730795588 0.0172317386912 0.00257195986683 0.120121643523 -0.0105187983337 -583.3648153 
Cr 2 0.038563545951 -0.135943518508 0.258618811712 -0.117717638877 0.0155771755526 -583.36480938 
Cr 3 0.37131069959 -1.63520077161 2.81202404321 -2.11808131944 0.578692202777 -583.36480682 
Cr 4 0.909038786004 -4.05784732508 6.94841260799 -5.4569205185 1.66964838444 -583.36480893 
Cr 5 0.0410876886102 -0.14759830245 0.274701064784 -0.131679763869 0.0188151105507 -583.36480866 
Cr 6 0.0178672496536 -0.0496059156237 0.113496311708 0.0357717546419 -0.0135477261136 -583.36480628 
Cr 7 0.119541220851 -0.505048765432 0.894674104937 -0.608516222221 0.13780163 -583.36480494 
Cr 8 0.0408400891591 -0.147139248953 0.275549398119 -0.129145856462 0.0178940661067 -583.36481437 
Cr 9 0.225868930045 -0.984486214004 1.70427040125 -1.20323801853 0.291830292223 -583.36480825 
Fe 1 0.00306603809195 0.0297449535426 -0.0563237903844 0.0874188562509 -0.135354931091 -583.292633847 
Fe 2 28.3763563394 -259.970206164 880.804587906 -1345.95869472 892.922227109 -776.201753726 
Fe 3 0.00462551099744 0.0216634406221 -0.0360410288183 -0.0128760212262 -0.104187627721 -583.202630947 
Fe 4 0.00244659491069 0.0379110902623 -0.0788078800743 0.0384744030529 -0.114619566905 -583.22243436 
Fe 5 0.00564534169365 0.0109973532472 -0.000385899065208 -0.0462789950354 -0.0467566123088 -583.276940476 
Fe 6 0.00516065850088 0.0198929705127 -0.0388836374047 0.00146992699129 -0.0247401691052 -583.323232415 
Fe 7 0.00404391819847 0.0247623780116 -0.0476850805315 0.0623371371626 -0.102485415872 -583.304658811 
Fe 8 0.0022147318874 0.0411010645762 -0.0967708059009 0.0917639995442 -0.115020639709 -583.281590514 
Fe 9 0.00302783953838 0.0341614498682 -0.0733616204254 0.0478339229137 -0.10253219657 -583.259394349 
Fe 10 0.00389410851472 0.0281199199479 -0.0681720643626 0.0872668580903 -0.095042079677 -583.319833877 
Fe 11 0.00535812181158 0.00939917154523 -0.00137152249452 0.040656161471 -0.0370832675568 -583.357188534 
Fe 12 0.00500774918456 0.0134196801067 -0.00833543826503 0.043062454617 -0.116553188853 -583.299655117 
Fe 13 0.00401127653619 0.018405201344 -0.00687142345662 -0.0194898104625 -0.0854467644071 -583.270046233 
Fe 14 0.00428139972373 0.0229086184009 -0.0414771008461 0.00997340793918 -0.0113860072316 -583.348401348 
Fe 15 0.00447187477198 0.0229441399897 -0.0553187172455 0.0879595017092 -0.07691186603 -583.341593577 
Fe 16 -0.000642101543116 0.0746473286539 -0.241903477783 0.366156517034 -0.275000944776 -583.306737473 
Fe 17 0.00457476633484 0.0214682410368 -0.0389027765356 0.0433703108354 -0.103846083197 -583.289120905 
Fe 18 0.00455441813062 0.016093942738 -0.00818726752963 -0.00770355085884 -0.0281072508428 -583.339998007 
Fe 19 0.00424947303076 0.0219930349252 -0.0184731763117 -0.0587561560137 -0.0681153563854 -583.211236393 
Fe 20 0.00540398538873 0.0114622990016 -0.00982416179743 0.00584427451995 -0.0604660937311 -583.316476788 
Fe 21 0.00409136597932 0.023628542195 -0.0557332184253 0.114861453609 -0.0934510834641 -583.341953923 
Fe 22 0.00579383988409 0.01274516074 -0.0171174853231 -0.0144437910155 -0.0514217378782 -583.292647664 
Fe 23 0.00477144446887 0.0207798993677 -0.0289661038026 -0.0466879412287 -0.0629443493985 -583.210009548 
Fe 24 0.00467280260256 0.0184658066938 -0.025040948554 0.0161213085421 -0.049312721204 -583.328832892 
Fe 25 0.0030264019583 0.0342485183611 -0.0697328295879 0.0374095269936 -0.121488796485 -583.224431603 
Fe 26 0.00390856168588 0.0258575022779 -0.0524448786259 0.0567321942041 -0.119782230706 -583.274590936 
Fe 27 0.00371646136045 0.0256697068683 -0.0316309296677 -0.0048295299592 -0.148926435955 -583.17895791 
Fe 28 -0.007143706943 0.118537951669 -0.315513729083 0.334696816165 -0.110800978515 -583.361808772 
Fe 29 0.00323049437543 0.0294502080181 -0.0560218972428 0.0742575718459 -0.0629479980468 -583.345555284 
Fe 30 0.00349249356443 0.0249617963272 -0.026449646296 -0.0261509448259 -0.101941383618 -583.213069503 
Fe 31 0.00403798065883 0.0207039708308 -0.0195395007296 -0.00537954196625 -0.110001191098 -583.24324099 
Fe 32 0.00479234812346 0.0151760287779 -0.00161388748616 -0.056881307974 -0.0846887727704 -583.214591069 
Fe 33 0.00410143477028 0.0230816534629 -0.0401828015833 0.0420597694253 -0.128293887904 -583.259437074 
Fe 34 0.00728163438345 -0.000670489105962 0.0197935709693 -0.0344935641981 -0.0707421997132 -583.280339237 
Fe 35 7.27405398893 -57.0741924926 150.531217971 -143.604026133 26.4378803419 -582.167347471 
Fe 36 0.0044820233225 0.0164418682486 -0.00581361483778 -0.0320769603599 -0.0993127970256 -583.231848004 
Fe 37 0.00519262674524 0.00916386484297 0.0174284889192 -0.0622739796724 -0.0513680011957 -583.275052275 
Fe 38 0.00414975894951 0.0223421188362 -0.0312453987773 -0.00490233788044 -0.146696953165 -583.17191381 
Fe 39 0.00150933288607 0.0493948404054 -0.133776966888 0.162820015038 -0.0948557563823 -583.344898434 
Fe 40 0.00389018072148 0.0257518957686 -0.0443765300367 0.0114462395033 -0.0315160524224 -583.328083195 
Fe 41 0.00475229026793 0.0152504822734 -0.0129170703015 0.0131143949023 -0.103451501419 -583.280204537 
Fe 42 0.00459175222571 0.0242964145332 -0.0466390653111 -0.0136012482084 -0.0493818895844 -583.259570431 
Ni 1 -1.14713915851 3.11521693698 -2.72353768394 1.42939602439 -0.212404759612 -583.36036919 
Ni 2 -0.0282766771416 0.213855687481 -0.0769054628756 0.391502231228 -0.0357715884557 -583.36367261 
Ni 3 -1191.38784823 3097.74302717 -2818.82564966 1047.37405346 -130.739803435 -583.36109739 
Ni 4 -1548.36175085 3902.80814447 -3471.47566423 1269.65793748 -156.844948388 -583.36499584 
Ni 5 -0.0204836684307 0.182884330853 -0.0616074712988 0.430361131625 -0.031239883328 -583.36402839 
Ni 6 -0.0195104366033 0.181249489357 -0.0530835371551 0.424505152829 -0.0892951064041 -583.36016038 
Ni 7 -1060.28997581 2756.87712985 -2508.6503629 932.226953581 -116.323759844 -583.36400135 
Ni 8 -0.0197501675358 0.181598796547 -0.0709314547795 0.461412013042 -0.0276432608923 -583.3639476 
Ni 9 -0.0264413117174 0.211712887119 -0.086879527874 0.401150486891 -0.0456443057617 -583.36346525 
Ni 10 -0.0497069250615 0.281359506054 -0.134871652554 0.407436088469 -0.157806469864 -583.34893801 
Ni 11 -1180.61797226 3069.73732036 -2793.35332786 1037.94090655 -129.498659675 -583.36437597 
Ni 12 -0.0286837568189 0.219067941526 -0.0879887108758 0.376362087001 -0.019652519866 -583.36513918 
Ni 13 -0.0375074402042 0.245352326995 -0.0977567420933 0.407496801006 -0.207424532687 -583.33777807 
