Cr 1 0.00439427297519 0.0158534465092 0.00393915122231 0.125696523157 -0.00356318389109 -582.86438124 
Cr 2 0.0229019890292 -0.065548096719 0.138349197545 -0.0190106713029 -0.00356483388804 -582.86430822 
Cr 3 0.235444307271 -1.02479686214 1.77626447531 -1.29246256018 0.328597614998 -582.86495392 
Cr 4 0.584544924555 -2.59605864198 4.45711910494 -3.46872338889 1.0251776 -582.86592809 
Cr 5 -0.133405967079 0.485112705766 -0.508942716056 0.256661689819 -0.0430396838899 -582.86466266 
Cr 6 0.0119384773657 -0.0223631172801 0.0724747530788 0.0633370138947 -0.0137596294457 -582.86449394 
Cr 7 0.0837722908101 -0.34364367284 0.620855524689 -0.387920402774 0.0781572472209 -582.86465374 
Cr 8 0.0321802469162 -0.108956687251 0.213615925935 -0.0841921759291 0.00875345666685 -582.86449618 
Cr 9 0.132915432096 -0.563236676943 0.986443086403 -0.638997976842 0.136620123887 -582.86455136 
Fe 1 0.00370590255039 0.023662386936 -0.0332458298266 0.0424952427463 -0.111591144085 -582.799938022 
Fe 2 0.00329813179679 0.0301322470874 -0.0575919871349 0.0238703956958 -0.00338236205421 -582.864897737 
Fe 3 0.00536667708398 0.0152300589295 -0.0150280047255 -0.0508416202411 -0.0741890404383 -582.730933565 
Fe 4 0.00388795987533 0.0258637111645 -0.0433200406037 -0.00739631812044 -0.0828840615182 -582.754954155 
Fe 5 0.00600358327997 0.00785773270045 0.00852753979345 -0.0588733317478 -0.0340823255816 -582.792598495 
Fe 6 0.00610423823578 0.0114391840007 -0.0160343434493 -0.0152861035096 -0.0211585297843 -582.8311879 
Fe 7 0.00456412967578 0.0195373087637 -0.0304307140675 0.0363898864395 -0.0964292707851 -582.80599881 
Fe 8 0.00325695778692 0.0324132702989 -0.0705680216511 0.0522361292931 -0.0879411220245 -582.797410846 
Fe 9 0.00416289441855 0.0245172570363 -0.044250585518 0.00990670005551 -0.089438286298 -582.771287368 
Fe 10 0.00475048684533 0.0201405092975 -0.0412352357227 0.0459947680729 -0.0734880917561 -582.825423738 
Fe 11 0.00504911232451 0.0121313512744 -0.00570007711092 0.0277462492983 -0.0335226650484 -582.856748787 
Fe 12 0.00554294110484 0.00942351261012 0.000540133498269 0.0330410475047 -0.0859293770805 -582.82502845 
Fe 13 0.00415311123318 0.016864878731 -1.34314465125e-07 -0.0295418882567 -0.080064275159 -582.786185377 
Fe 14 0.00493357435634 0.0163002798468 -0.0159010185342 -0.0346288134374 0.00933667441221 -582.84586555 
Fe 15 0.00484844001041 0.0180064533571 -0.0303387690189 0.0282562038308 -0.0449290908307 -582.846901783 
Fe 16 0.00478469026396 0.0160934486032 -0.0111739406272 -0.0281662836677 -0.0389487488563 -582.814944483 
Fe 17 0.00509897342471 0.0164454645354 -0.0231042004092 0.0211784343536 -0.0856889591255 -582.804029062 
Fe 18 0.00506337970875 0.0115003204432 0.00606800365988 -0.0235592239251 -0.033410667352 -582.834505164 
Fe 19 0.00475638187846 0.0184884063017 -0.0159264338221 -0.0468822665399 -0.0602099169478 -582.754115038 
Fe 20 0.00555476221511 0.00965952303649 0.000900102315322 -0.0213560195573 -0.0548100598118 -582.816581565 
Fe 21 0.00486124211396 0.0163350702723 -0.0264472108686 0.0565881326334 -0.070626187607 -582.843817535 
Fe 22 0.00670254946901 0.00445156490616 0.00861025912451 -0.0499660300718 -0.0336403731022 -582.805726071 
Fe 23 0.00531328698763 0.0167360196027 -0.0202012210581 -0.0544482491427 -0.0534139337008 -582.740693379 
Fe 24 0.00537159303433 0.0122952841248 -0.00615546955899 -0.0116588352909 -0.0335939867431 -582.836217472 
Fe 25 0.00368358853915 0.0284874231529 -0.0525044229378 0.0145838672783 -0.109112211853 -582.740822056 
Fe 26 0.00474411850939 0.0179797960467 -0.0251775311872 0.0141796325621 -0.109343568225 -582.776853248 
Fe 27 0.00426329624567 0.021493426501 -0.0221187130746 -0.0181107289174 -0.118078859335 -582.720083612 
Fe 28 0.00621996581169 0.00743130113449 -0.00239062015942 0.000487158695778 -0.00511133133024 -582.863011407 
Fe 29 0.00397193173944 0.022873021298 -0.0356322910753 0.0467819302032 -0.0485985885806 -582.849064809 
Fe 30 0.0037954179331 0.022229420347 -0.0159426304794 -0.048059660577 -0.0852165544774 -582.735417156 
Fe 31 0.00437010652746 0.0183770038308 -0.0132499456961 -0.0195802789998 -0.0846686333248 -582.773524295 
Fe 32 0.00546221215371 0.0108115843267 0.00626569083169 -0.0607798461404 -0.0734148638856 -582.747633655 
Fe 33 0.00498011517222 0.0158176344312 -0.0207698364078 0.0214138715127 -0.106084855646 -582.785109948 
Fe 34 0.00740533312539 -0.00317796092171 0.03390798144 -0.066049801705 -0.0565738347122 -582.788751261 
Fe 35 0.00406976550433 0.0282049868909 -0.0521478472675 -0.0215936719265 -0.0405188574936 -582.766662481 
Fe 36 0.00506204815628 0.0117001832922 0.00961223488864 -0.0598231090116 -0.0818220541484 -582.750397768 
Fe 37 0.00525240189372 0.0101356220829 0.0112934354188 -0.0580548392549 -0.0408456679358 -582.80218571 
Fe 38 0.00527682164921 0.0122002073521 0.00117931368061 -0.0481153072948 -0.117785101785 -582.714457466 
Fe 39 0.00270429091187 0.037044621501 -0.0875575297048 0.0899090179896 -0.0632582279433 -582.847472953 
Fe 40 0.0046375575356 0.0188256589683 -0.0216453724313 -0.0217149794344 -0.0193362359296 -582.827388237 
Fe 41 0.00523036871198 0.0111002085651 0.00185025248392 -0.0137175978994 -0.0864733707796 -582.791502332 
Fe 42 0.00603050709913 0.0120070888589 -0.0131371960733 -0.0453733619436 -0.0364446877699 -582.786791118 
Ni 1 -0.0238575060576 0.196478316114 -0.0707206322559 0.431554678229 -0.0835751660205 -582.86040136 
Ni 2 -0.024780869923 0.199818115852 -0.0587485538316 0.370447472844 -0.0356370474295 -582.86337714 
Ni 3 -0.0251619986208 0.203351124159 -0.0758273829279 0.403986526103 -0.0530999115325 -582.86289576 
Ni 4 -0.0184982783055 0.173487684951 -0.0678878394309 0.473034658502 -0.0032002878139 -582.86441101 
Ni 5 -0.0177289370019 0.174261248565 -0.051824481276 0.41485736562 -0.0260277634599 -582.86375927 
Ni 6 -0.0192018303682 0.181122476841 -0.056904609444 0.422638221124 -0.0744351160208 -582.86111396 
Ni 7 -0.0129691067064 0.155803404652 -0.0378834537026 0.451151935374 -0.0313914474302 -582.86380539 
Ni 8 -0.0165359634881 0.172312659665 -0.0654754588576 0.452875776574 -0.007226870503 -582.86411026 
Ni 9 -0.0253296980524 0.212807583581 -0.0984032202492 0.397093127439 -0.0408847878155 -582.86329013 
Ni 10 -0.0312139772263 0.234714642163 -0.102073661007 0.383173748743 -0.119373776278 -582.85488322 
Ni 11 -0.0200557578417 0.183521581696 -0.065919577789 0.427705627442 -0.00881637884172 -582.86411345 
Ni 12 -0.0238539991664 0.205997233221 -0.0790680472845 0.366648921323 -0.0209784737124 -582.86435143 
Ni 13 -0.0290700757043 0.225584603944 -0.0902704681739 0.38531482984 -0.161479988454 -582.84717193 
